
               ANNUAL NOAA CLIMATOLOGY SUMMARY
Name: Station1    City: Colorado Springs    State: Colorado


Elev: 7050.0 ft     Lat: 38° 58' 49.63"    Long: -104° -44' -55.19"

          Temperature (°F),  Heat Base: 65.0,  Cool Base: 65.0

                                       Heat       Cool
             Mean     Mean             Degree     Degree                                 Max    Max    Min    Min
Year  Mo     Max      Min     Mean     Days       Days        Hi     Date  Low   Date    >= 90  <= 32  <= 32  <= 0
------------------------------------------------------------------------------------------------------------------
2019  01    41.69    18.08    30.36    1,061.7         0    60.30    5    00.00    1      0      4     30      1
2019  02    41.30    16.85    29.54      980.9         0    58.20   13    00.00    7      0      4     27      1
2019  03    44.98    22.42    33.38      979.4       0.6    70.20   28   -02.70    4      0      6     28      2
2019  04    58.48    33.74    45.79      581.5       5.2    74.00   20    12.00   11      0      0     12      0
2019  05    58.49    36.29    47.53      554.7      13.2    78.50   15    27.30   21      0      0     11      0
2019  06    75.08    48.10    60.61      192.2      66.8    92.10   28    38.20    9      2      0      0      0
2019  07    83.97    55.96    68.76        0.5     163.9    94.20   19    49.60    9      4      0      0      0
2019  08    83.64    56.02    68.95          0     151.6    89.90   20    51.40   15      0      0      0      0
2019  09    78.91    51.41    64.78       61      59.6    91.80    1    38.00   22      2      0      0      0
2019  10    59.04    26.07    40.90      772.2       9.6    164.00   30    00.00   30      1      4     18      1
2019  11    48.00    22.54    35.57      869.3         0    69.10    9    02.20    4      0      5     26      0
2019  12    36.40    03.60    20.90       22.8         0    36.40    1    03.60    1      0      0      1      0
------------------------------------------------------------------------------------------------------------------
Totals:     59.17    32.59    45.59    6,076.2    470.5    164.00    Oct    -02.70   Mar     9     23     153     5



                Precipitation (in)                              Wind Speed (mph)

                      Max           Days of Rain
            Total     per               Over                                        Dom
Year  Mo    Rain      Day   Date  0.01  0.1  1.0             Avg     High    Date   Dir
-------------------------------------------------           ----------------------------
2019  01    00.12    00.06    13    3     0    0              03.85    41.00    22     N
2019  02    00.05    00.04    19    1     0    0              04.72    32.00    13     SE
2019  03    00.91    00.46    13    5     3    0              04.71    60.00    13     SE
2019  04    00.60    00.34    30    4     2    0              05.10    37.00    10     N
2019  05    00.82    00.23    21    9     3    0              04.73    33.00    13     SE
2019  06    01.58    00.34    18    11     6    0              03.90    30.00     9     N
2019  07    03.36    01.03    21    13     7    1              03.53    37.00     3     N
2019  08    01.76    01.30     8    8     2    1              03.40    32.00     8     N
2019  09    00.86    00.57     6    6     2    0              04.10    33.00     3     N
2019  10    00.31    00.12    24    3     2    0              04.55    38.00    10     N
2019  11    00.79    00.38    23    4     3    0              03.88    39.00    29     N
2019  12    00.00    00.00     0    0     0    0              01.80    28.00     1     NNW
-------------------------------------------------           ----------------------------
Totals:     11.16    01.30    Aug    67     30    2            04.02    60.00    Mar    SE

